$ANSIBLE_VAULT;1.1;AES256
66303338333165316635653062323832316139323838326238393636636232616435663131343434
6165646234313766323761353166363934386238313338620a386361313035663365623866383465
30343135386362343733343838663164343234363361366436343761393765393965376261633963
3935623631393164320a653334623436393662363237353333343563346136373434323663316539
62363163626164306539326364393139613537363663393032376536653334646334313131356266
63653830336463356165333131626337386661313631366438366237313161633330396162383635
36316265313365646532656534623032643130316530383834356363383238383564316562313266
31336162626330616435363038663434333733323632323633346639336236623261353336316439
62333835666237306135396532643631616337633034666631626231623334626439643461643866
65653232313235386233353734613734666235663065303965386439386236383666613565623663
64306636303330616263636334373133353461343466343733396130323838313964653034633231
33633161633134353436396632393439303738653135353236373564373865643336373265313430
32343561343063303133663539626435363837306331366639303937643465336334333462356538
64643131613463306337343231336434383730303037666436366164323864363361333966316134
30613438613431653839383331303233343534613861343464666638346563636463333833313439
37353263363934333339613534306666633736646639366361653235646333366161336466306237
62636339383537353433353336363437663835343233306338633135396436383461386564343766
61323538643838376132306237663134333633323834326665356331393936356134323565363530
39623539306464616439303437613738336265386133303462646231353436373063613538353065
61306663646435326535636266666131646532353238376564663537306338363636613564396634
64626436313937653838663233303036366635383761663966613964323630656539663065616461
66636165643333623536343035306265666363363366333563623537363832396536396361376161
37313834353161626666666463393732346563323333326337373963376338313337613434613336
35373036613164633265356232333334633432633964636536626438386437646535623564653661
32346531653831306236623439653934653061656630343264323666313066353939616630376135
66386330326639383330623564323430393834353838623138623766303266653335333132663936
64343762613366643362303166623237386539656364323739636366613132373430363132343864
36336334663365656266646136663731326664653665633862633031643161373939316334303832
63366366333765656230356466353631343539633364303537633364353239643434383138323131
34313437336237646633363761356136633035656163336362303766303465353337363038656364
64636266396537616333633839366535623130633763353865666365393936653535643464373761
64613436376336666636376363376339633366356139653561333732366235343865663938383362
33303265613230383562616663383634613965643466393165323832356433303133633031393436
39326631636535653064613532613137323566366461663363313132653139393532353665343964
33666635643339306535353163633364316164333239633466393730653631363161353635363131
65353465306630353835393139616632343866613531326436623031393864653161346133643631
64313065323737336465386238393564393635613433636633366437653731323732653166643533
31623730303362323065643433373231333064666539343161386438376637366266373563383733
37333734333439326465373462376137303264353366636330643263313738393530326662303565
35666266316538306461326664636530623931383832303334316562616137356532393930323835
36376636633635343838383765323633326566336333356337323934653933663431373736646134
31313363626366613933383739343834393263316263316261613666613464626332323862383235
32343062366635663638646432306438323130353465623962643332383731353133666139373436
32336161376261373965333937323566633232643831666138666532333261356636343333643465
35373163653031616261613538356237323237323331663639356336636664323538613737303339
35373462626166616534613364323837613735653064366361393466643530666266323964636336
64353334666166316263316562326332326236313139656239333964326438393865636331396337
65633438613738633464346132653361386430373532613961666362663364336666316637613964
36333364376363386431653038386361633731666666343064373734643563336537346463643233
33373835313062326431393230363533313861666565316136366463353531663037353138626130
38353633383864383732313239346664383264326237356538363631376131646537323937333833
36643666343335363461326637656233333430623765656435643363653334323734333534633361
36323365363234396639663533346534616362303432326338393662633962336365623866616537
32356338396536326334393030393637353235373530643063663331386434313131393730393364
38623163623466386363306566346462323439373364383434343562653261363030626366376361
62346661666239336331643038323732306139393437376239653133646532633531623635333236
36376431363637336434346339346334353337623932393235633331343236363539323733326339
62383935613736313136653939623534376363636531656161326230343165623765623838353336
33306339643564396461316262306331666233373835613433356263663137323262323634303336
62623838633666343435393863353335303133363838393263346130316466353633373766326538
65626537666261363738636536353061663536346435343263386531323964636266356138646135
32303231363238333038333237313037346430356563633837626532663538383834623566336434
66383865333436313037653335653664323834653633343664393039373636376339353562643038
63663530353737353661343632613238386262656135393136326664333731386532376636383039
39356232323561306461313737666431643933363134633830383166633565376139633066336537
30306338343538633230363633346437333964336635346436643962633933313465626531353437
36303566373635623536343930333561383637616632316530636330613330363464363665623533
31303363633234383537376330313132303434613231346238643532666264346464303965633062
65386238363732333833646232393732393730323532373236333738656261323566386334323463
35343738633432643763646138303666333334323934376264653636666536623535363435396265
33383936353030343461666131613064343136343436396439393966346539336339313539343737
31323235333131363634653435653264316438633064353261333964333030613531346239303336
61373438326463353263343837333233636635653137653464383661316130313130666261386539
30636461333335373864626432616663396361633163333934663565333533363132353132303536
39396135366463333536623033346466663833653465393962356363336531303530383266653535
33343663363964363466663234353936636436646539393863373136343339343564323234643439
37333262643535353037306664623465323462393865663365356335633438373066343461663966
62623539386631356134376437633831633563656434663037636466343763653537363331333463
62343466663532633865363535373538356364376631343330316334616139306437383134353337
35346565383864343463633963636562383238643966396234306637643030363239313736396665
33393330393163646531396563333830373239633430656436646465323230663838306132653432
64616664373737316664653434393035333130643766613538613533656636643232633339356430
39343330653665636235643432613861373035383361333434316133613431366265333330363830
31343063353438346336326261343732313565346333366564636561303431633732373534386334
39623635383936653163383531326636356335396333656330323137653464636564626333613933
65653636373635353133623232666332346166356331323138386133383437343763373761373565
36336133326537313832303163633737383931616430356235636630333832383061633538346330
31616566353365373439323766393431643138303838326231636138383364633866616234666333
32316665613166336639643639386230613330306435643432316262626335663339613432366331
35373033346266323964663632653837366430306337666233326333383232653632356233376439
65303830303634623731373761636161313236646536656531663736663662666537653462666664
35623832623866383433306536353637643739376365326130653165633239353465396438383234
3538
