$ANSIBLE_VAULT;1.1;AES256
35316462333037616437363231363964366235323839313231383263303439396261633137346432
3764303434613830353162386134666132653665313561300a643233313062333837636364383565
35613731643331323732626232383734323364646464363635663162353931356236373861613335
3833643239646139610a336564633364623136303335636238363264326239353335323730336365
62643831346564656565663638646363393137386263356534303338313866643766333239333830
31643736373963396530393362346339356131626536643736653531663461653865646135393636
38653836303634666631366437376330633466306335393964663432353937366264653639653738
61396266353762616562363964326339376634646430376261383132666230643531363761366636
32306463353162306534636561396265316663363037633338623232333933636234666565393831
66386530663163666162613335383235333661396363343832323666636164383064343037643062
32383166653862363264323031616239353839366563316237623065356264336362336137366162
65633132386364663935363738333131343837363566363461386539663266626436636532663932
38383037656437613037383265623966623130393437373933396463666265633066316465636237
37666430616233343738396433623966393332636239333163616436616238666665633934646532
66323531333638633731653731343133346164633238343064616236623034333966323962636565
31326663343333343832623630626238656338643265623035663235356161316433383461393730
31333165393765356333663661383864633538366266316161663831373731353638623039646561
36366464633831656465613736306266643837316239613163633437363432316665336362663136
34383733386263306163633465313662633635316164306162646366393962356462653862633338
61313334363162376461323132653130616230633439613763333663316539363034356135386534
36643733633666333566653233376139303265636539623735623138323830313933633061383663
65613130386233643839306537636337643136306434353764623062306563386135356365626631
33653666663432366431363866346262336336363635373032623931656564663135386563363765
34346637323234306534626338383361356563646637393730396264333361663739326465323663
36613635396433333635373431333965626431663833396266316235656163323133613063626365
61323635303430373664313766336632646639343163356335306236373936393330383466613266
61633436353665633636353564396563643263316566316138363131626561613764643034633563
32613236623636303961636466653332366236333235383336333932323566326661613136663435
65316539613932396664323031633233343837376239383065343338393937333134336439653232
36663963653538373164633034306464336263373337383736613964656538376635316365393632
35316137626665613533386335313938383230353630383330356562363664306465383134646337
61613837313331323432663339313634356537326563383735363862366639313766646132623339
64383261313661353961303333326437383366326336313030643966313437393435653964613332
35616239313730313962663134633865316661323730633333363136616634636635663931623864
36316165326662343538313064353531346366613937613834346139323338323263313934393130
65366233613331386432373337376532616230643165363462316638303234643763396463656339
36653631323235653336353862313439646664323036346538643030663961666261663833333763
37643638653764383762366261666464653963306466663732343330663735393232336263313666
65343237303037333764343033626662336633333339326632363434636161613536316335306266
32376534353530643434633436316335613039326334316335636362383832643338396461343165
66633962363934663961653939373763616130316464333566326437386365363434323034623038
64356632363365373639353266656331326530666539336261663139643234353236313733363931
32633737663438376563393565653839656663343064656633376662346362323130663063303035
64663762356161636366643936653532376565363134336632376436323663653434333032633766
63366336663465643733343965346363353536396437623038306432343561646561626339633466
36383062393037623665393538366431633462613830386236306335313935383963653262653234
62383634633133323033313037633963656563306262353563626165303233376538626362383832
61303633633335393561653633356566303133396164356263303965336239393762613162666464
30373962653464393330323737633730653465386239363234366561343432313731333865333234
64363561326635623132616366623235613430366264386634303066383339363762623764313861
62313335386135636432393661643837366135343431663337376233363331323631633463366364
65313030323038613632353961336363633836303131643537363930363763313066663763306364
65313435656532643531373833313663343964303739616631363866643436323663646266353533
39646432363361643739373434343234393435646338333738343265353963663335316535626133
34636435663365623631373335333238313931343538383839313036336530333839666236346133
39363239393965343666396363636564356665316465666437323665613766306239633630366233
36333232386531653630663430356138353930623366653837376166633633373337666330326138
65656362353639353132653564663863623364633039663165353430613962366634363161323830
62663839343833323862666632626565386365343065623663393061383339383261346538633461
31376239616239326662613164386239653463393665343830643062653263626437613532643137
64343362636261343430336134386562373564663538616636313030346230303632643964623039
38313763633166323031643830653761326336343162656237386539363865393338323136623866
35306164383737346137343665393834366662383362343962633031343033643233643130663366
38663364643336366135343164613337353830346630343834336635316261376565616639326234
61616638386132383265366436313134393439366137623239623636633139393632633965353465
30333662616664656336306536666363336362643438343737393730303066643932333738646366
64656130626165373661326630653734303835336432363236646464366636633761346636613235
65323039386133333666663965343839656231663033636635643861336666363734616639316361
66666663306661616331303365623363653664643132303464636364643962643465333861643739
37633132326262313630373539336339373338316461376537663931313834663631626538626363
36396532633366386665613338323235653166373833396530343536336138386164373633316336
38313965653630663935623731653838623238376264376233333533316130363131383233633366
62316661643863616135333433333533643462636431333265643133376364333332343333356234
33333037303738346465343461386139616262306638646532363663663265613630613362323034
31666430643236383962613163316632623331386363313233636363383963616334363138323939
38643230353064353565373534663264323037623630343666353163636532383333306237383531
66646534396564613830323137653166343138376366343130623137616436653333316132663761
64613730356133313337663839656562366562376464613537366363333663363935656338663439
37613938366461653735363232393066623864373633646562613236623665316363646138656437
36303066616631336564326461646265343134356165343438393235633037306538333430613362
34306465376464653634383830346535363462393335313034316330653936383636626161656537
30333564396437646239356362613563633166353738663337366464616365343636653737363463
64376330643236333362383265383161636231613134643662646535646635663231346537356532
35646261653762333534323632333466383931386534343664616432373532666161623361353532
31363133346338303065616464666334663732643435343564656162633032386237316264633930
30636662303361366639636332346663323331636633376534666666336262616561396536653561
34383837623735306164316264653966386137336236393862393135336137653366623135623733
33363165396262303430
